47.400000000000006
23.900000000000006
44.599999999999994
32.400000000000006
51.099999999999994
33.900000000000006
25.60000000000001
42.900000000000006
31.700000000000003
30.60000000000001
36.10000000000001
37.3
46.10000000000001
22.30000000000001
34.60000000000001
37.5
56.1
28.5
44.89999999999999
57.60000000000001
29.299999999999997
46.5
42.0
32.3
35.900000000000006
44.7
37.0
23.60000000000001
38.7
44.3
19.0
24.799999999999997
34.2
39.8
36.7
31.799999999999997
40.6
7.0
42.10000000000001
35.60000000000001
36.39999999999999
52.80000000000001
34.400000000000006
26.299999999999997
54.5
49.0
38.0
53.999999999999986
25.69999999999999
35.7
28.5
71.29999999999998
28.700000000000003
36.099999999999994
35.39999999999999
32.39999999999999
38.89999999999999
44.400000000000006
49.400000000000006
48.9
35.7
26.5
32.6
18.89999999999999
53.900000000000006
13.5
55.3
19.80000000000001
47.2
47.2
40.7
54.19999999999999
45.0
43.3
51.19999999999999
39.79999999999998
49.3
16.700000000000003
39.39999999999999
33.5
45.8
52.5
34.900000000000006
21.5
37.0
26.799999999999997
50.70000000000002
46.7
31.799999999999997
48.0
35.900000000000006
36.19999999999999
42.8
41.6
37.60000000000001
29.19999999999999
38.8
33.0
23.60000000000001
55.199999999999996
35.900000000000006

Process finished with exit code 0
